camera_matrix:
- - 619.4487854059468
  - 0.0
  - 313.5564160010757
- - 0.0
  - 619.6925649610264
  - 245.05972641478348
- - 0.0
  - 0.0
  - 1.0
distortion_coefficients:
- - -0.041146803185006936
  - 1.9298024634985467
  - -0.0015645040522923848
  - -0.001941315026872081
  - -8.079171084172605
rms_error: 0.6087450917268595
mean_reprojection_error: 0.06086871963424844
image_width: 640
image_height: 480
num_images_used: 19
